0        0.0114548
0        0.0148912
0        0.0193586
0        0.0251661
0        0.032716
0        0.0425308
0        0.05529
0.03125        0.071877
0        0.0934401
0        0.121472
0        0.157914
0        0.205288
0        0.266874
0        0.346937
0.0322581        0.451018
0        0.586323
0        0.76222
0        0.990885
0        1.28815
0        1.6746
0        2.17698
0.0645161        2.83007
0.03125        3.67909
0        4.78281
0        6.21766
0.09375        8.08296
0.0967742        10.5078
0.0625        13.6602
0.28125        17.7583
0.4375        23.0857
